0 -1488.0514
1 -1664.1965
2 -1749.6596
3 -1769.3747
4 -1731.3299
5 -1770.2218
6 -1835.8041
7 -1764.5694
8 -1835.4571
9 -1835.8458
10 -1875.2669
11 -1813.7824
12 -1875.9960
13 -1875.6261
14 -1875.9947
15 -1875.9965
16 -1948.9933
17 -1984.3722
18 -1978.4300
19 -1987.3567
20 -1987.2984
21 -1987.3595
22 -2022.5929
23 -1949.5853
24 -2024.4789
25 -2024.1479
26 -2024.4785
27 -2080.4977
28 -2100.8660
29 -2085.8184
30 -2101.0062
31 -2101.0081
32 -2116.0092
33 -2027.7385
34 -2122.0211
35 -2121.9776
36 -2122.0223
37 -2151.7038
38 -2098.7552
39 -2152.7842
40 -2152.5344
41 -2152.7865
42 -2152.7867
43 -2154.9944
44 -1946.2434
45 -2179.9002
46 -2179.6653
47 -2179.8985
48 -2179.9004
49 -2176.5142
50 -2194.3711
51 -2212.6496
52 -2145.7040
53 -2216.2762
54 -2216.0785
55 -2216.2761
56 -2228.1743
57 -2168.6613
58 -2231.9516
59 -2231.9179
60 -2231.9517
61 -2253.4579
62 -2234.2416
63 -2253.4381
64 -2253.4991
65 -2270.9112
66 -2247.9854
67 -2270.9752
68 -2270.9993
69 -2274.8357
70 -2210.9859
71 -2281.4817
72 -2281.3794
73 -2281.4806
74 -2281.4817
75 -2303.3820
76 -2286.5373
77 -2303.5322
78 -2303.5345
79 -2320.5931
80 -2271.7151
81 -2322.4458
82 -2324.3097
83 -2248.0643
84 -2333.4509
85 -2333.3539
86 -2333.4511
87 -2347.1124
88 -2311.6666
89 -2348.1084
90 -2348.1031
91 -2348.1091
92 -2361.4618
93 -2331.2906
94 -2362.2497
95 -2371.9093
96 -2334.2922
97 -2373.9570
98 -2373.8440
99 -2373.9563
100 -2373.9570
100 -1747.9198
200 -1747.4753
300 -1750.5769
400 -1751.3246
500 -1745.3043
600 -1734.8584
700 -1742.0236
800 -1747.6519
900 -1740.8435
1000 -1743.2235
1100 -1736.5275
1200 -1737.0130
1300 -1737.4827
1400 -1746.6998
1500 -1744.5511
1600 -1752.4775
1700 -1751.6885
1800 -1755.3050
1900 -1761.8321
2000 -1764.7819
2100 -1757.9912
2200 -1773.1725
2300 -1766.8319
2400 -1758.1740
2500 -1752.5470
2600 -1755.9996
2700 -1761.5478
2800 -1741.4948
2900 -1740.4676
3000 -1744.5519
3100 -1738.0979
3200 -1742.6185
3300 -1743.5591
3400 -1745.0881
3500 -1734.5577
3600 -1731.6199
3700 -1729.2391
3800 -1727.6560
3900 -1718.7490
4000 -1711.8039
4100 -1725.0612
4200 -1711.8790
4300 -1708.4668
4400 -1708.4231
4500 -1722.0904
4600 -1721.4187
4700 -1724.9337
4800 -1723.9224
4900 -1725.9206
5000 -1734.9399
5100 -1726.3072
5200 -1725.6923
5300 -1719.6511
5400 -1730.8566
5500 -1739.2932
5600 -1734.4089
5700 -1743.2630
5800 -1749.5298
5900 -1755.2807
6000 -1746.5013
6100 -1754.3015
6200 -1751.7952
6300 -1758.0982
6400 -1747.9577
6500 -1747.1320
6600 -1732.9821
6700 -1738.0105
6800 -1744.2933
6900 -1750.6551
7000 -1752.2565
7100 -1748.3697
7200 -1751.3839
7300 -1741.4435
7400 -1738.0511
7500 -1732.8612
7600 -1738.0378
7700 -1725.4837
7800 -1713.6345
7900 -1715.2949
8000 -1715.6238
8100 -1721.0308
8200 -1716.4319
8300 -1715.5348
8400 -1709.5939
8500 -1711.9490
8600 -1710.4407
8700 -1701.1186
8800 -1700.8705
8900 -1697.8203
9000 -1713.2011
9100 -1705.4574
9200 -1706.9783
9300 -1713.5105
9400 -1709.6767
9500 -1705.9774
9600 -1697.3286
9700 -1692.9041
9800 -1676.0771
9900 -1669.8517
10000 -1684.1440
10100 -1683.7107
10200 -1697.8550
10300 -1705.9782
10400 -1704.3069
10500 -1706.7104
10600 -1699.4783
10700 -1703.4451
10800 -1704.7087
10900 -1709.0634
11000 -1699.6785
11100 -1695.3458
11200 -1692.7360
11300 -1696.2928
11400 -1678.3559
11500 -1675.8929
11600 -1683.8539
11700 -1679.2958
11800 -1684.6339
11900 -1686.6236
12000 -1688.8556
12100 -1689.4195
12200 -1696.1458
12300 -1702.9821
12400 -1708.3906
12500 -1710.1028
12600 -1713.5292
12700 -1708.3525
12800 -1703.2818
12900 -1697.3996
13000 -1702.7717
13100 -1707.5554
13200 -1708.5824
13300 -1713.1484
13400 -1710.7047
13500 -1696.2504
13600 -1691.1518
13700 -1689.9671
13800 -1691.8060
13900 -1693.7853
14000 -1686.3217
14100 -1690.9063
14200 -1686.7851
14300 -1686.9702
14400 -1686.8920
14500 -1681.4618
14600 -1688.4217
14700 -1695.4013
14800 -1705.3237
14900 -1708.4650
15000 -1709.1244
15100 -1715.6039
15200 -1708.6088
15300 -1706.1417
15400 -1714.5974
15500 -1700.9646
15600 -1711.9628
15700 -1713.3453
15800 -1726.8871
15900 -1729.2695
16000 -1718.9487
16100 -1724.6623
16200 -1724.1188
16300 -1705.7935
16400 -1702.7090
16500 -1710.2727
16600 -1703.9055
16700 -1705.8748
16800 -1700.6783
16900 -1708.4395
17000 -1706.7913
17100 -1704.1659
17200 -1704.9229
17300 -1715.8150
17400 -1710.3900
17500 -1708.2442
17600 -1702.9027
17700 -1700.6702
17800 -1689.2566
17900 -1707.8909
18000 -1699.2209
18100 -1699.2641
18200 -1711.4937
18300 -1728.8780
18400 -1720.1160
18500 -1722.3232
18600 -1714.8200
18700 -1707.3424
18800 -1696.9517
18900 -1688.2385
19000 -1681.2554
19100 -1674.0447
19200 -1678.5799
19300 -1681.6622
19400 -1682.3108
19500 -1682.5195
19600 -1685.5593
19700 -1672.0348
19800 -1674.5272
19900 -1672.7100
20000 -1677.0873
20100 -1688.6041
20200 -1694.5452
20300 -1697.8456
20400 -1697.3665
20500 -1686.3839
20600 -1699.0286
20700 -1688.4092
20800 -1690.5304
20900 -1684.1624
21000 -1688.2262
21100 -1686.5013
21200 -1674.9625
21300 -1668.3160
21400 -1682.5823
21500 -1689.7020
21600 -1683.7849
21700 -1683.5747
21800 -1684.7051
21900 -1687.1165
22000 -1687.4036
22100 -1709.8285
22200 -1712.5345
22300 -1703.2465
22400 -1706.3700
22500 -1699.9684
22600 -1702.8747
22700 -1700.9808
22800 -1701.1240
22900 -1691.6733
23000 -1685.6343
23100 -1686.0207
23200 -1681.4232
23300 -1684.1378
23400 -1691.7162
23500 -1692.6645
23600 -1688.6318
23700 -1694.4973
23800 -1688.7435
23900 -1685.1415
24000 -1679.5807
24100 -1680.4916
24200 -1680.8171
24300 -1667.7235
24400 -1669.4214
24500 -1668.9433
24600 -1664.6586
24700 -1661.5193
24800 -1665.1106
24900 -1665.3567
25000 -1665.7293
25100 -1658.7330
25200 -1667.9187
25300 -1665.2291
25400 -1663.0811
25500 -1669.9273
25600 -1673.1263
25700 -1669.6549
25800 -1674.8884
25900 -1668.2412
26000 -1672.2213
26100 -1668.7665
26200 -1660.3881
26300 -1660.9813
26400 -1659.4091
26500 -1664.8208
26600 -1654.3123
26700 -1633.2891
26800 -1626.6388
26900 -1628.9003
27000 -1628.8495
27100 -1622.8905
27200 -1614.4024
27300 -1619.5578
27400 -1630.6734
27500 -1640.1239
27600 -1641.2228
27700 -1640.0280
27800 -1642.0801
27900 -1634.9872
28000 -1637.1104
28100 -1637.8218
28200 -1634.8143
28300 -1638.2662
28400 -1649.1303
28500 -1645.6921
28600 -1642.5457
28700 -1635.8335
28800 -1626.8065
28900 -1634.4450
29000 -1641.9171
29100 -1646.8867
29200 -1647.0283
29300 -1650.6552
29400 -1645.2663
29500 -1635.9188
29600 -1645.0212
29700 -1650.0916
29800 -1640.6373
29900 -1648.4337
30000 -1652.4372
30100 -1655.1683
30200 -1655.9112
30300 -1662.7241
30400 -1669.3807
30500 -1658.1484
30600 -1658.0953
30700 -1657.1359
30800 -1654.5576
30900 -1653.9676
31000 -1651.5782
31100 -1661.8163
31200 -1668.5189
31300 -1671.3664
31400 -1673.1238
31500 -1660.4899
31600 -1669.5305
31700 -1675.4914
31800 -1681.9517
31900 -1678.2146
32000 -1682.4494
32100 -1691.9915
32200 -1693.8033
32300 -1696.7646
32400 -1692.8823
32500 -1698.4815
32600 -1694.2725
32700 -1704.9805
32800 -1698.4870
32900 -1682.1469
33000 -1681.3245
33100 -1690.8593
33200 -1683.2896
33300 -1690.7223
33400 -1688.7006
33500 -1683.7907
33600 -1682.9142
33700 -1678.5943
33800 -1673.0979
33900 -1675.3284
34000 -1672.7408
34100 -1687.1178
34200 -1673.7834
34300 -1674.4160
34400 -1676.3355
34500 -1675.4322
34600 -1679.3490
34700 -1665.9817
34800 -1676.2595
34900 -1678.8867
35000 -1674.1067
35100 -1664.3589
35200 -1651.5793
35300 -1661.5414
35400 -1660.3174
35500 -1652.8638
35600 -1656.5749
35700 -1662.2067
35800 -1655.8849
35900 -1662.4469
36000 -1659.1880
36100 -1660.6678
36200 -1665.5574
36300 -1662.0143
36400 -1661.9578
36500 -1660.4676
36600 -1669.2721
36700 -1676.9935
36800 -1684.9310
36900 -1682.4663
37000 -1677.8001
37100 -1671.7967
37200 -1661.5080
37300 -1658.3641
37400 -1651.7306
37500 -1646.4352
37600 -1656.0122
37700 -1646.5774
37800 -1652.4917
37900 -1650.2854
38000 -1638.5878
38100 -1640.1271
38200 -1638.7173
38300 -1641.2005
38400 -1639.2722
38500 -1629.3451
38600 -1632.8906
38700 -1630.5161
38800 -1641.7212
38900 -1654.2250
39000 -1653.5497
39100 -1660.4405
39200 -1670.0457
39300 -1673.9438
39400 -1664.5786
39500 -1659.3432
39600 -1661.0400
39700 -1659.2041
39800 -1641.0135
39900 -1650.5270
40000 -1635.5164
40100 -1632.0535
40200 -1638.2167
40300 -1636.5241
40400 -1635.8654
40500 -1651.1925
40600 -1647.0479
40700 -1653.1690
40800 -1644.8911
40900 -1640.8443
41000 -1641.8730
41100 -1652.7118
41200 -1664.7910
41300 -1669.1913
41400 -1670.0501
41500 -1671.7326
41600 -1675.9548
41700 -1666.4046
41800 -1655.1282
41900 -1651.9477
42000 -1646.6313
42100 -1645.9582
42200 -1647.1038
42300 -1648.2128
42400 -1649.6987
42500 -1654.2761
42600 -1653.6234
42700 -1657.1856
42800 -1654.1732
42900 -1659.2256
43000 -1652.2735
43100 -1661.2937
43200 -1658.5497
43300 -1659.9337
43400 -1656.7131
43500 -1651.6886
43600 -1648.7056
43700 -1643.3144
43800 -1650.1086
43900 -1653.2366
44000 -1670.0369
44100 -1659.8634
44200 -1665.3704
44300 -1667.8403
44400 -1653.5724
44500 -1664.5179
44600 -1673.9737
44700 -1671.7315
44800 -1671.9778
44900 -1671.4721
45000 -1675.1656
45100 -1677.0738
45200 -1671.9556
45300 -1675.6746
45400 -1666.9739
45500 -1652.6896
45600 -1647.2174
45700 -1659.3639
45800 -1665.3362
45900 -1665.5784
46000 -1659.5674
46100 -1650.2221
46200 -1652.7433
46300 -1650.5479
46400 -1666.4154
46500 -1674.4853
46600 -1665.6383
46700 -1657.1064
46800 -1663.5935
46900 -1657.8891
47000 -1644.9827
47100 -1642.5680
47200 -1635.8860
47300 -1637.0245
47400 -1648.9651
47500 -1648.9651
47600 -1641.8915
47700 -1634.0380
47800 -1643.4810
47900 -1637.9268
48000 -1631.3150
48100 -1643.4553
48200 -1648.0379
48300 -1641.3452
48400 -1640.6283
48500 -1636.1148
48600 -1629.6480
48700 -1627.5271
48800 -1615.9708
48900 -1626.7138
49000 -1624.2104
49100 -1624.5685
49200 -1632.3776
49300 -1632.2384
49400 -1636.7809
49500 -1640.4113
49600 -1640.6555
49700 -1638.5818
49800 -1629.1574
49900 -1618.7330
50000 -1596.0353
50100 -1597.3523
50200 -1612.6119
50300 -1606.3318
50400 -1602.3155
50500 -1605.6002
50600 -1600.3261
50700 -1603.6636
50800 -1607.0171
50900 -1614.2854
51000 -1618.2134
51100 -1620.2747
51200 -1625.4769
51300 -1635.2218
51400 -1632.8602
51500 -1626.1083
51600 -1637.1273
51700 -1635.6076
51800 -1634.6027
51900 -1636.9761
52000 -1639.0547
52100 -1641.0676
52200 -1635.2892
52300 -1629.3451
52400 -1624.4917
52500 -1629.4836
52600 -1634.4791
52700 -1631.6282
52800 -1623.9096
52900 -1626.5206
53000 -1638.7159
53100 -1624.8553
53200 -1621.9055
53300 -1618.1205
53400 -1624.0930
53500 -1635.1306
53600 -1638.4347
53700 -1653.9177
53800 -1653.9132
53900 -1641.6995
54000 -1628.3325
54100 -1627.3713
54200 -1636.1741
54300 -1632.4040
54400 -1644.4980
54500 -1650.5314
54600 -1648.4839
54700 -1655.1473
54800 -1648.6607
54900 -1645.7126
55000 -1638.2213
55100 -1645.5141
55200 -1656.6400
55300 -1653.9427
55400 -1648.4102
55500 -1647.2682
55600 -1648.0295
55700 -1658.3956
55800 -1663.7233
55900 -1656.7066
56000 -1654.8847
56100 -1652.8560
56200 -1670.5743
56300 -1673.5608
56400 -1676.8438
56500 -1681.4071
56600 -1680.9797
56700 -1676.9401
56800 -1675.2729
56900 -1670.5004
57000 -1663.7598
57100 -1657.9031
57200 -1654.2154
57300 -1654.4329
57400 -1648.6305
57500 -1650.7912
57600 -1656.5655
57700 -1657.8515
57800 -1648.0284
57900 -1638.6662
58000 -1625.8902
58100 -1630.7255
58200 -1636.3782
58300 -1639.5326
58400 -1642.0274
58500 -1641.0548
58600 -1646.9423
58700 -1648.2818
58800 -1639.8445
58900 -1633.2676
59000 -1642.5657
59100 -1654.8133
59200 -1655.2881
59300 -1650.3649
59400 -1655.2464
59500 -1645.0373
59600 -1644.0008
59700 -1643.7990
59800 -1644.2662
59900 -1644.0039
60000 -1650.1584
60100 -1643.8899
60200 -1651.9347
60300 -1647.8925
60400 -1658.7749
60500 -1657.3198
60600 -1655.0774
60700 -1670.0819
60800 -1663.5289
60900 -1662.4030
61000 -1674.4918
61100 -1673.2065
61200 -1677.5558
61300 -1673.6956
61400 -1672.3332
61500 -1682.4595
61600 -1677.4746
61700 -1675.5038
61800 -1669.0348
61900 -1683.1224
62000 -1667.3942
62100 -1672.9988
62200 -1671.1188
62300 -1662.3849
62400 -1671.4154
62500 -1671.5885
62600 -1673.2299
62700 -1672.1063
62800 -1686.7930
62900 -1686.2844
63000 -1678.5492
63100 -1683.6684
63200 -1676.8584
63300 -1678.4195
63400 -1679.2607
63500 -1683.1997
63600 -1675.0787
63700 -1672.6298
63800 -1679.0927
63900 -1680.7377
64000 -1678.2224
64100 -1677.3114
64200 -1686.6359
64300 -1684.3179
64400 -1680.0705
64500 -1664.8232
64600 -1656.3930
64700 -1649.7117
64800 -1656.6529
64900 -1669.3320
65000 -1668.0410
65100 -1665.3590
65200 -1670.4559
65300 -1664.8124
65400 -1676.5963
65500 -1667.5042
65600 -1665.2932
65700 -1670.1470
65800 -1660.2856
65900 -1659.8969
66000 -1664.4658
66100 -1664.1345
66200 -1660.1098
66300 -1660.1811
66400 -1663.1617
66500 -1666.0368
66600 -1673.3297
66700 -1665.8010
66800 -1674.6786
66900 -1652.5578
67000 -1656.1763
67100 -1654.9269
67200 -1660.0810
67300 -1664.9021
67400 -1666.4960
67500 -1662.5506
67600 -1654.6371
67700 -1652.8496
67800 -1655.4870
67900 -1658.0401
68000 -1661.7764
68100 -1651.1472
68200 -1653.7674
68300 -1668.2955
68400 -1671.1671
68500 -1672.0187
68600 -1670.7039
68700 -1665.9153
68800 -1656.3773
68900 -1650.8505
69000 -1647.4398
69100 -1657.4641
69200 -1653.4512
69300 -1656.5635
69400 -1657.3525
69500 -1663.6313
69600 -1662.6899
69700 -1657.8158
69800 -1659.4595
69900 -1662.7577
70000 -1660.7343
70100 -1646.1583
70200 -1636.6391
70300 -1637.1365
70400 -1645.0989
70500 -1645.5132
70600 -1634.5669
70700 -1627.6651
70800 -1628.5713
70900 -1623.2607
71000 -1618.7589
71100 -1620.2890
71200 -1623.9761
71300 -1613.5247
71400 -1608.4919
71500 -1608.0297
71600 -1611.7091
71700 -1606.8365
71800 -1597.4125
71900 -1610.2802
72000 -1612.5219
72100 -1627.4478
72200 -1632.5167
72300 -1633.0723
72400 -1630.5962
72500 -1633.4067
72600 -1625.1025
72700 -1632.5305
72800 -1617.5975
72900 -1632.6775
73000 -1635.2451
73100 -1637.9727
73200 -1643.0177
73300 -1643.2757
73400 -1630.7814
73500 -1626.1901
73600 -1617.4607
73700 -1624.0456
73800 -1626.7514
73900 -1625.3463
74000 -1632.3369
74100 -1625.9896
74200 -1624.5030
74300 -1614.1219
74400 -1615.0533
74500 -1619.9757
74600 -1618.1583
74700 -1625.2889
74800 -1617.7685
74900 -1606.2265
75000 -1601.3456
75100 -1600.6060
75200 -1609.0447
75300 -1605.0678
75400 -1602.3775
75500 -1612.0205
75600 -1607.3374
75700 -1613.6772
75800 -1614.4598
75900 -1611.4382
76000 -1605.8302
76100 -1594.9403
76200 -1594.5510
76300 -1604.0829
76400 -1589.8993
76500 -1588.0525
76600 -1585.3213
76700 -1589.7462
76800 -1584.5277
76900 -1578.3107
77000 -1573.5372
77100 -1579.8183
77200 -1559.9509
77300 -1554.9248
77400 -1563.5165
77500 -1559.1182
77600 -1563.0586
77700 -1572.6028
77800 -1574.8757
77900 -1587.9814
78000 -1598.5353
78100 -1607.2443
78200 -1615.8585
78300 -1615.6474
78400 -1624.6775
78500 -1633.3193
78600 -1632.9984
78700 -1625.7246
78800 -1632.0319
78900 -1646.3197
79000 -1641.0088
79100 -1645.7551
79200 -1640.5232
79300 -1640.0501
79400 -1632.7928
79500 -1638.9735
79600 -1648.2711
79700 -1660.2912
79800 -1669.8992
79900 -1662.8347
80000 -1663.2396
80100 -1661.4759
80200 -1665.5530
80300 -1669.9039
80400 -1662.7643
80500 -1650.8769
80600 -1646.4720
80700 -1641.8148
80800 -1630.4527
80900 -1628.4588
81000 -1622.8355
81100 -1619.5806
81200 -1628.1669
81300 -1624.7750
81400 -1635.8661
81500 -1650.3205
81600 -1653.9474
81700 -1641.1758
81800 -1640.1822
81900 -1633.9479
82000 -1634.3329
82100 -1634.5123
82200 -1634.8865
82300 -1636.0976
82400 -1643.6301
82500 -1638.6354
82600 -1620.4101
82700 -1631.1165
82800 -1631.5331
82900 -1634.8765
83000 -1643.1139
83100 -1642.4154
83200 -1638.4087
83300 -1645.3835
83400 -1641.7779
83500 -1644.1300
83600 -1639.7223
83700 -1638.3520
83800 -1636.5529
83900 -1640.2466
84000 -1628.5332
84100 -1628.6863
84200 -1641.4560
84300 -1646.5432
84400 -1648.5403
84500 -1651.5888
84600 -1660.6854
84700 -1658.3103
84800 -1662.9579
84900 -1665.2286
85000 -1664.0163
85100 -1669.0976
85200 -1663.7244
85300 -1670.8833
85400 -1677.1564
85500 -1671.8339
85600 -1673.3240
85700 -1664.9399
85800 -1663.9630
85900 -1668.7597
86000 -1675.5357
86100 -1666.4041
86200 -1674.8608
86300 -1672.8197
86400 -1673.8862
86500 -1659.0107
86600 -1645.7491
86700 -1649.4139
86800 -1651.1097
86900 -1653.8897
87000 -1646.5532
87100 -1648.0315
87200 -1645.5918
87300 -1648.9904
87400 -1641.6224
87500 -1647.3388
87600 -1651.9461
87700 -1652.0501
87800 -1657.6758
87900 -1652.6709
88000 -1656.3140
88100 -1656.7927
88200 -1661.8170
88300 -1649.6013
88400 -1638.5749
88500 -1631.0329
88600 -1634.7172
88700 -1644.3313
88800 -1646.8572
88900 -1649.9596
89000 -1642.5327
89100 -1648.6689
89200 -1645.9076
89300 -1633.9651
89400 -1632.4390
89500 -1627.9962
89600 -1609.4884
89700 -1626.2025
89800 -1622.9708
89900 -1634.9394
90000 -1632.4162
90100 -1622.7577
90200 -1624.8374
90300 -1636.6832
90400 -1633.2648
90500 -1635.8787
90600 -1637.7156
90700 -1630.0105
90800 -1633.6536
90900 -1629.2927
91000 -1626.6996
91100 -1624.5776
91200 -1623.3840
91300 -1630.4030
91400 -1632.9886
91500 -1623.1443
91600 -1608.3654
91700 -1617.1339
91800 -1621.4365
91900 -1633.7768
92000 -1622.1169
92100 -1624.2685
92200 -1619.2642
92300 -1615.4456
92400 -1619.6691
92500 -1619.1653
92600 -1622.9865
92700 -1623.2918
92800 -1624.4962
92900 -1624.6210
93000 -1625.6478
93100 -1627.0354
93200 -1629.0062
93300 -1621.4650
93400 -1635.6263
93500 -1645.8534
93600 -1645.5458
93700 -1643.7872
93800 -1657.5014
93900 -1656.0299
94000 -1642.6497
94100 -1653.4774
94200 -1657.3969
94300 -1659.5398
94400 -1660.7318
94500 -1664.1297
94600 -1661.2662
94700 -1668.5005
94800 -1661.2885
94900 -1671.5510
95000 -1676.5420
95100 -1671.8390
95200 -1684.7545
95300 -1676.4731
95400 -1671.5149
95500 -1674.2784
95600 -1669.9216
95700 -1674.7719
95800 -1658.9087
95900 -1663.4173
96000 -1680.3019
96100 -1679.5942
96200 -1664.8979
96300 -1660.9234
96400 -1664.7765
96500 -1648.2558
96600 -1645.5449
96700 -1646.0802
96800 -1637.2775
96900 -1639.9397
97000 -1642.4405
97100 -1649.6398
97200 -1645.3015
97300 -1646.1849
97400 -1639.8554
97500 -1643.6727
97600 -1644.9827
97700 -1645.2605
97800 -1643.8187
97900 -1645.5483
98000 -1637.8096
98100 -1641.3893
98200 -1649.9403
98300 -1652.1168
98400 -1643.2896
98500 -1622.7882
98600 -1611.7711
98700 -1612.0300
98800 -1608.8855
98900 -1606.1282
99000 -1604.5968
99100 -1608.1145
99200 -1612.6613
99300 -1605.0882
99400 -1600.7275
99500 -1601.6847
99600 -1587.1236
99700 -1601.3062
99800 -1602.3661
99900 -1589.8417
100000 -1588.0843
100100 -1597.3680

